Table 1 Similarity of the corresponding index C11 for different values of "λ" .
"λ" 	EL	L	SL	G	SH	H	EH
0	0	0	1.15E-225	9.73E-96	3.68E-07	1.42E-85	0
0.1	0	0	5.87E-223	1.43E-91	8.39E-07	7.85E-83	0
0.2	0	0	3.00E-220	2.09E-87	1.91E-06	4.32E-80	0
0.3	0	0	1.54E-217	3.07E-83	4.37E-06	2.38E-77	0
0.4	0	0	7.85E-215	4.50E-79	9.97E-06	1.31E-74	0
0.5	0	0	4.02E-212	6.59E-75	2.28E-05	7.24E-72	0
0.6	0	0	2.05E-209	9.66E-71	5.20E-05	3.99E-69	0
0.7	0	0	1.05E-206	1.42E-66	0.000118578	2.20E-66	0
0.8	0	0	5.37E-204	2.08E-62	0.000270641	1.21E-63	0
0.9	0	0	2.75E-201	3.04E-58	0.000617712	6.69E-61	0
1	0	0	1.40E-198	4.46E-54	0.001409867	3.69E-58	0

C21
Table 2 Similarity of the corresponding index C21 for different values of "λ" .
"λ" 	EL	L	SL	G	SH	H	EH
0	0	0	2.23E-274	5.53E-125	2.26E-16	1.52E-62	0
0.1	0	0	2.33E-274	1.09E-121	2.29E-16	2.54E-59	0
0.2	0	0	2.44E-274	2.16E-118	2.31E-16	4.25E-56	0
0.3	0	0	2.55E-274	4.28E-115	2.34E-16	7.09E-53	0
0.4	0	0	2.66E-274	8.46E-112	2.36E-16	1.18E-49	0
0.5	0	0	2.78E-274	1.67E-108	2.39E-16	1.98E-46	0
0.6	0	0	2.91E-274	3.31E-105	2.41E-16	3.30E-43	0
0.7	0	0	3.04E-274	6.54E-102	2.44E-16	5.52E-40	0
0.8	0	0	3.17E-274	1.29E-98	2.46E-16	9.21E-37	0
0.9	0	0	3.32E-274	2.56E-95	2.49E-16	1.54E-33	0
1	0	0	3.47E-274	5.06E-92	2.52E-16	2.57E-30	0

C31
Table 3 Similarity of the corresponding index C31 for different values of "λ" .
"λ" 	EL	L	SL	G	SH	H	EH
0	0	3.19E-307	3.60E-71	2.10E-09	2.41E-19	5.59E-257	0
0.1	0	2.11e-320	1.02E-72	4.82E-09	1.12E-18	2.86E-247	0
0.2	0	0	2.88E-74	1.11E-08	5.23E-18	1.46E-237	0
0.3	0	0	8.13E-76	2.54E-08	2.44E-17	7.47E-228	0
0.4	0	0	2.30E-77	5.84E-08	1.14E-16	3.82E-218	0
0.5	0	0	6.49E-79	1.34E-07	5.29E-16	1.95E-208	0
0.6	0	0	1.84E-80	3.07E-07	2.47E-15	9.98E-199	0
0.7	0	0	5.19E-82	7.06E-07	1.15E-14	5.10E-189	0
0.8	0	0	1.47E-83	1.62E-06	5.35E-14	2.61E-179	0
0.9	0	0	4.15E-85	3.72E-06	2.50E-13	1.33E-169	0
1	0	0	1.17E-86	8.54E-06	1.16E-12	6.81E-160	0
C41
Table 4 Similarity of the corresponding index C41 for different values of "λ" .
"λ" 	EL	L	SL	G	SH	H	EH
0	0	0	3.80E-226	1.51E-92	9.45E-07	1.07E-89	0
0.1	0	0	2.37E-227	2.14E-90	5.86E-07	3.55E-85	0
0.2	0	0	1.48E-228	3.03E-88	3.63E-07	1.18E-80	0
0.3	0	0	9.25E-230	4.29E-86	2.25E-07	3.90E-76	0
0.4	0	0	5.78E-231	6.07E-84	1.40E-07	1.29E-71	0
0.5	0	0	3.61E-232	8.60E-82	8.67E-08	4.27E-67	0
0.6	0	0	2.26E-233	1.22E-79	5.38E-08	1.41E-62	0
0.7	0	0	1.41E-234	1.72E-77	3.33E-08	4.68E-58	0
0.8	0	0	8.80E-236	2.44E-75	2.07E-08	1.55E-53	0
0.9	0	0	5.50E-237	3.46E-73	1.28E-08	5.13E-49	0
1	0	0	3.43E-238	4.90E-71	7.95E-09	1.70E-44	0

CD
Table 5 Similarity of the overall risk assessment cloud "R"  for different values of "λ" .
"λ" 	EL	L	SL	G	SH	H	EH
0	0	0	9.92E-106	8.70E-22	2.42E-14	1.66E-223	0
0.1	0	0	3.65E-112	4.94E-23	1.23E-13	4.23E-211	0
0.2	0	0	1.35E-118	2.81E-24	6.26E-13	1.08E-198	0
0.3	0	0	4.95E-125	1.60E-25	3.18E-12	2.76E-186	0
0.4	0	0	1.82E-131	9.07E-27	1.62E-11	7.04E-174	0
0.5	0	0	6.72E-138	5.15E-28	8.23E-11	1.80E-161	0
0.6	0	0	2.47E-144	2.93E-29	4.18E-10	4.59E-149	0
0.7	0	0	9.11E-151	1.66E-30	2.13E-09	1.17E-136	0
0.8	0	0	3.36E-157	9.45E-32	1.08E-08	2.99E-124	0
0.9	0	0	1.24E-163	5.37E-33	5.50E-08	7.64E-112	0
1	0	0	4.55E-170	3.05E-34	2.80E-07	1.95E-99	0


